<?xml version="1.0"?>
<opencv_storage>
<calibration_Time>"Thu Nov  3 00:13:36 2016"</calibration_Time>
<nrOfFrames>25</nrOfFrames>
<image_Width>640</image_Width>
<image_Height>480</image_Height>
<board_Width>9</board_Width>
<board_Height>6</board_Height>
<square_Size>50.</square_Size>
<FixAspectRatio>1.</FixAspectRatio>
<!-- flags:  +fix_aspectRatio +fix_principal_point +zero_tangent_dist -->
<flagValue>14</flagValue>
<Camera_Matrix type_id="opencv-matrix">
  <rows>3</rows>
  <cols>3</cols>
  <dt>d</dt>
  <data>
    7.8870456311212956e+02 0. 3.1950000000000000e+02 0.
    7.8870456311212956e+02 2.3950000000000000e+02 0. 0. 1.</data></Camera_Matrix>
<Distortion_Coefficients type_id="opencv-matrix">
  <rows>5</rows>
  <cols>1</cols>
  <dt>d</dt>
  <data>
    7.1479496241995634e-03 -7.2546989264379935e-01 0. 0.
    2.1161664362509667e+00</data></Distortion_Coefficients>
<Avg_Reprojection_Error>4.7405697674306296e-01</Avg_Reprojection_Error>
<Per_View_Reprojection_Errors type_id="opencv-matrix">
  <rows>25</rows>
  <cols>1</cols>
  <dt>f</dt>
  <data>
    5.32088697e-01 6.10856473e-01 4.60043430e-01 3.55334222e-01
    6.48516893e-01 4.28165048e-01 5.02115726e-01 4.06491429e-01
    4.79924679e-01 4.56615537e-01 8.03993464e-01 4.38494712e-01
    3.13840270e-01 4.92446780e-01 4.49792504e-01 4.40151304e-01
    3.86001348e-01 5.22523999e-01 3.63877982e-01 3.53344649e-01
    2.89999336e-01 2.81671613e-01 3.81712168e-01 3.13074142e-01
    7.08398521e-01</data></Per_View_Reprojection_Errors>
<!-- a set of 6-tuples (rotation vector + translation vector) for each view -->
<Extrinsic_Parameters type_id="opencv-matrix">
  <rows>25</rows>
  <cols>6</cols>
  <dt>d</dt>
  <data>
    1.5756133330221831e-02 3.0231000074461011e-02 3.1035399819691309e+00
    2.0580350393194820e+02 1.0073693155507796e+02 5.3608457964827642e+02
    1.3964221331790663e-02 3.9237431972511998e-02 3.1036249744936004e+00
    1.9599355660808143e+02 9.8295725236997484e+01 5.3893573647140261e+02
    -1.8619250280127703e-01 -1.1460103717942209e-03
    3.0805519266687758e+00 1.9781325338201211e+02 1.2154387751619801e+02
    5.9042623096859165e+02 -1.7769534349239474e-01
    -2.7730891073525776e-02 3.0918661231969100e+00
    2.0005810628598087e+02 1.0984589935768489e+02 5.9164368258740546e+02
    -1.1925101061168852e-01 -2.0514779966314966e-02
    3.0908576679940776e+00 2.1916575215094409e+02 1.0789754063476731e+02
    5.8012396073888146e+02 -1.1285258648561709e-01
    -6.5005106496675277e-02 3.1043969472471988e+00
    2.2054259730537385e+02 1.0730233109968306e+02 5.8980644249037971e+02
    -1.2046618545937839e-01 -7.9197831007507699e-02
    3.1096827989865425e+00 2.1944485425946971e+02 1.0576891814845114e+02
    5.9424213516432110e+02 -1.2342479980906618e-01
    -7.9719162698421484e-02 3.1140493234187385e+00
    2.1990236269979263e+02 1.0424371890903780e+02 5.9422121877439110e+02
    -1.2317594595387854e-01 -1.0526960073586596e-01
    3.1192232622950047e+00 2.1979680922425041e+02 1.0505649520593913e+02
    5.9693160590472780e+02 -1.2453564304955209e-01
    -1.4823071495416010e-01 3.1218020177679251e+00
    2.1947096585262656e+02 1.0665010658791579e+02 6.0407670549492968e+02
    -1.2357913291314550e-01 -1.7010996680833151e-01
    3.1139975716905011e+00 2.2475753153808583e+02 1.1179854904136680e+02
    6.0585126680519477e+02 1.3504877019590206e-01
    -8.3729787295339309e-02 -5.2682674888777009e-02
    -2.1317506529459405e+02 -9.1827306644773287e+01
    5.3238716287564012e+02 1.7828986027302071e-01
    -9.9755981716088030e-02 -4.2791931912884627e-02
    -2.0348131129030102e+02 -1.0043881443592376e+02
    5.1622263199678537e+02 1.9646865171619174e-01
    -1.0494846428910917e-01 -4.8633277806020045e-02
    -1.9325016810299192e+02 -9.9640237374632420e+01
    5.0680834088735514e+02 2.1213532870156093e-01
    -1.0385864687129906e-01 -5.2404940619837914e-02
    -1.9083709816928575e+02 -9.5971587173284092e+01
    5.0125225882634385e+02 2.2217088388590686e-01
    -1.0365772387135397e-01 -5.4189013207798883e-02
    -1.8873844291288970e+02 -9.6600669611198654e+01
    4.9947062706020512e+02 2.3893735460207768e-01
    -9.9677346675601491e-02 -5.2596818732850339e-02
    -1.8930142746780203e+02 -1.0084268834712164e+02
    5.0227672679580837e+02 1.9496450613973546e-01
    -1.9107315259502235e-02 -9.9413831014158918e-02
    -2.0243851335569201e+02 -8.4124333292581625e+01
    5.4588102798122884e+02 1.9706296829641115e-01
    -3.5841130163587211e-03 -9.1675280123122066e-02
    -2.1022875809034670e+02 -9.0705248683026610e+01
    5.5864484754955311e+02 1.9601463271720018e-01 5.5928700483009637e-03
    -8.9664270409080774e-02 -2.0454566117682742e+02
    -1.1373586735321334e+02 5.8933649475311165e+02
    1.8668026236468627e-01 7.9638350366642435e-03
    -8.7975472156354775e-02 -2.0158653805313355e+02
    -1.1592643064134462e+02 5.9619109724872283e+02
    1.9441489552783783e-01 7.3312914645132597e-03
    -8.7196222677753427e-02 -1.9918314631738758e+02
    -1.1918412534862344e+02 5.9848076683375905e+02
    1.7638475377999702e-01 3.8832631765135374e-03
    -9.0197924771669255e-02 -1.9563488585112430e+02
    -1.1786645457001924e+02 6.0019475056179419e+02
    1.3861663520918580e-01 -5.7511020274766227e-03
    -9.6128435779604227e-02 -1.9319837734511475e+02
    -1.0984565844096625e+02 5.9036116932808420e+02
    1.7616300128851953e-01 3.5805830060392026e-03
    -8.2073823249115052e-02 -1.9612149215175833e+02
    -1.0795171323471025e+02 5.7877070975289519e+02</data></Extrinsic_Parameters>
