%YAML:1.0
CM1: !!opencv-matrix
   rows: 3
   cols: 3
   dt: d
   data: [ 8.1563479484021298e+02, 0., 3.1490946051154583e+02, 0.,
       8.3938623944091614e+02, 2.2487003104861739e+02, 0., 0., 1. ]
CM2: !!opencv-matrix
   rows: 3
   cols: 3
   dt: d
   data: [ 8.1563479484021298e+02, 0., 3.1373368605752091e+02, 0.,
       8.3938623944091614e+02, 2.3205256467096407e+02, 0., 0., 1. ]
D1: !!opencv-matrix
   rows: 1
   cols: 5
   dt: d
   data: [ 7.2549581448843242e-02, 1.2301838650239089e-01, 0., 0.,
       -2.0572340724455658e+00 ]
D2: !!opencv-matrix
   rows: 1
   cols: 5
   dt: d
   data: [ -3.7853169379396656e-01, 9.6610936090565716e+00, 0., 0.,
       -5.2703616958988881e+01 ]
R: !!opencv-matrix
   rows: 3
   cols: 3
   dt: d
   data: [ 9.9992544886743140e-01, 7.9878366647902488e-03,
       9.2353220129328464e-03, -7.7597721116524484e-03,
       9.9967039028778193e-01, -2.4472366429281637e-02,
       -9.4277592269398948e-03, 2.4398877992449625e-02,
       9.9965784752017450e-01 ]
T: !!opencv-matrix
   rows: 3
   cols: 1
   dt: d
   data: [ -2.4180712436332650e+00, 1.3156993771402596e-03,
       -1.9872148350133884e-01 ]
E: !!opencv-matrix
   rows: 3
   cols: 3
   dt: d
   data: [ -1.5544375226026043e-03, 1.9868808455892800e-01,
       -3.5479357542795428e-03, -2.2150366206823963e-01,
       5.7410870498465466e-02, 2.4154086376698385e+00,
       1.7448080510072590e-02, -2.4172847334582528e+00,
       5.9163774618881906e-02 ]
F: !!opencv-matrix
   rows: 3
   cols: 3
   dt: d
   data: [ -6.7768670554873718e-08, 8.4170792641317124e-06,
       -1.9975694794519467e-03, -9.3836219975781206e-06,
       2.3632933072904877e-06, 8.5883091109493284e-02,
       2.8191938746721175e-03, -8.6713487859204311e-02, 1. ]
R1: !!opencv-matrix
   rows: 3
   cols: 3
   dt: d
   data: [ 9.9579765816819188e-01, 9.4172996046331253e-03,
       9.1095216421618108e-02, -8.3180077298427475e-03,
       9.9988802667347143e-01, -1.2439648806830381e-02,
       -9.1202164086994900e-02, 1.1629642435929713e-02,
       9.9576448856276323e-01 ]
R2: !!opencv-matrix
   rows: 3
   cols: 3
   dt: d
   data: [ 9.9663993783352278e-01, -5.4228284170419424e-04,
       8.1905678951532682e-02, -4.4532953525923099e-04,
       9.9992742735700824e-01, 1.2039173592893779e-02,
       -8.1906263477202881e-02, -1.2035196239131232e-02,
       9.9656736754455733e-01 ]
P1: !!opencv-matrix
   rows: 3
   cols: 4
   dt: d
   data: [ 7.6723224386508355e+02, 0., 3.0367512321472168e+02, 0., 0.,
       7.6723224386508355e+02, 2.7034787094593048e+02, 0., 0., 0., 1.,
       0. ]
P2: !!opencv-matrix
   rows: 3
   cols: 4
   dt: d
   data: [ 7.6723224386508355e+02, 0., 3.0367512321472168e+02,
       -1.8614769041979500e+03, 0., 7.6723224386508355e+02,
       2.7034787094593048e+02, 0., 0., 0., 1., 0. ]
Q: !!opencv-matrix
   rows: 4
   cols: 4
   dt: d
   data: [ 1., 0., 0., -3.0367512321472168e+02, 0., 1., 0.,
       -2.7034787094593048e+02, 0., 0., 0., 7.6723224386508355e+02, 0.,
       0., 4.1216318189865431e-01, 0. ]
